[{"position":[251.71428546173942,199.39597004708335,13.819993050812267],"color":[24368.553303327983,15300.697626221161,13877.069864127989,16674.776315742198],"color_readout":[58.833110815414116,51.822993352579211,24.265393510800187,40.302013564249748],"baseline":[0.099996159470766358,-0.0999925544261012,3.6546285511603137E-6,0.099991109294794767],"covariance":[[11.904759798996249,5.9702259526807277E-7,7.7712947628633761E-7],[5.9702259526807277E-7,11.904760102226337,9.5764372942517186E-7],[7.7712947628633761E-7,9.5764372942517186E-7,3.00011843826209]],"truncation":9.9852391985800046E-10,"aligned_xyzRGB":[-9.43891568663537,2.3550571510268088,0.24226718117938523,38.865534920104217,19.964146679687296,4.8060558918425178],"outlier":[],"annotation":"","is_annotation_on":null,"annotation_confidence":-1,"deterministic_id":"RIMR","probabilistic_ids":["RIMR","SMDDR","SMDDL","RIML","RMDDR","AVL","RMDDL"],"probabilistic_probs":[0.61445995800878228,0.26152731851406785,0.0967504450210277,0.02281516573210278,0.0030638224006338966,0.0013640950113259765,1.626702374469844E-5],"rank":71,"is_selected":false},{"position":[252.71428538388611,194.71428516218623,17.921679367281659],"color":[23791.62811961081,13064.672119275934,11608.226897279876,16567.590309774892],"color_readout":[57.716011029192067,37.317557311220916,28.637212420913869,39.409470009904872],"baseline":[0.099995765945438062,-0.099988985002970446,9.4324178472695089E-8,0.099991500958292],"covariance":[[11.904759785293566,9.4335334485573557E-7,5.0594393274237738E-7],[9.4335334485573557E-7,11.904759932492862,6.563434493318561E-7],[5.0594393274237738E-7,6.563434493318561E-7,3.000117849167462]],"truncation":9.7130155865256711E-10,"aligned_xyzRGB":[-6.3651156211082291,-3.2410266404851513,1.6056743205566388,38.762270152648064,10.570246328171043,9.451132093778746],"outlier":[],"annotation":"","is_annotation_on":null,"annotation_confidence":-1,"deterministic_id":"RMDDR","probabilistic_ids":["RMDDR","SMDDR","CEPDR","RIMR","HMC","SMDVR","RMDR"],"probabilistic_probs":[0.54005208154161766,0.31323107314496362,0.093422534236970861,0.032183251986877756,0.011496764095331433,0.008851552424457558,0.0007472075696320767],"rank":43,"is_selected":false},{"position":[265.28571430982765,324.28571460963576,16.906401624835233],"color":[8745.7396236755212,18616.096904899368,7867.1798727476125,11442.723115559924],"color_readout":[18.716616073101516,54.833872299419809,5.1650078375519133,25.794314973010053],"baseline":[-0.055869038592408306,-0.0441307971132995,0.099999936236433454,0.0999998140380172],"covariance":[[11.030255750156931,3.6509485362625484E-7,0.51050091414566179],[3.6509485362625484E-7,11.904761548068565,3.5210687124601196E-7],[0.51050091414566179,3.5210687124601196E-7,2.8307564593129571]],"truncation":6.3548464416406283E-11,"aligned_xyzRGB":[25.789202345307114,-0.00974411429854826,3.3257272369023823,8.9964496327195285,30.350236990047474,-4.014324315829473],"outlier":[],"annotation":"","is_annotation_on":null,"annotation_confidence":-1,"deterministic_id":"DB2","probabilistic_ids":["DB2","DB1","DA1","RIS","SABVL","SABVR","AIYL"],"probabilistic_probs":[0.67090459615092712,0.27231206026510568,0.0432419400406513,0.0066974870091604253,0.00474885401367804,0.0012640110245747697,0.00039447386094763881],"rank":86,"is_selected":false},{"position":[250.7908248695679,192.71428507419122,11.148191777679395],"color":[19339.350187994871,6865.1761813518133,11674.362107392742,13268.309584939207],"color_readout":[58.830408154641,15.855286948308448,29.795382994872813,40.224696901537953],"baseline":[0.099553834058075483,0.00042729086404033113,0.099931432567581385,-0.099923009774438673],"covariance":[[11.904747795525283,4.6447279913078696E-6,2.330857162092088E-6],[4.6447279913078696E-6,11.696251227309416,0.56347190738258424],[2.330857162092088E-6,0.56347190738258424,2.0972818744707937]],"truncation":5.6566881194639176E-9,"aligned_xyzRGB":[-13.906962834601607,5.9117977651527278,-0.6733639573608744,41.576453987235418,-2.9935450730657931,12.215785764923666],"outlier":[],"annotation":"","is_annotation_on":null,"annotation_confidence":-1,"deterministic_id":"SMDVL","probabilistic_ids":["SMDVL","SMDDL","RIML","RIMR","RMDDR","AIML","CEPDL"],"probabilistic_probs":[0.64844104162669436,0.17503845003379037,0.16266215395127623,0.013614997191790164,9.2736757828936311E-5,9.09005614507935E-5,5.450901396842697E-5],"rank":80,"is_selected":false},{"position":[270.02030150695504,230.71428540616586,13.180007143397654],"color":[16880.82024133439,6473.9587045163771,9455.7440511270615,12089.236130104238],"color_readout":[57.926818569495261,14.482890216196832,21.424182659080014,39.318545614555816],"baseline":[-0.099999121460972618,0.099998151941558922,0.099999215463953392,1.421467238213321E-6],"covariance":[[11.904759730874453,3.3772701675678309E-7,1.4833077312991355E-7],[3.3772701675678309E-7,11.904761659015984,5.4078476696465351E-7],[1.4833077312991355E-7,5.4078476696465351E-7,2.1305349932264246]],"truncation":2.1018610217757687E-10,"aligned_xyzRGB":[-1.4489607121198991,4.800461731300298,3.3486202656873525,42.153584343491879,-2.5412652644740836,6.5300004188257619],"outlier":[],"annotation":"","is_annotation_on":null,"annotation_confidence":-1,"deterministic_id":"SMDDL","probabilistic_ids":["SMDDL","AIBL","AVJL","RIML","AIAL","RIMR","AIML"],"probabilistic_probs":[0.40624942117505392,0.30571564771897114,0.19254216853558903,0.04056862343432005,0.01879387099146794,0.015194065413242664,0.0079188666159820589],"rank":17,"is_selected":false},{"position":[245.64973626003544,432.01973818396044,16.180005947303652],"color":[6509.85523020583,14635.756472944668,3308.9129031304892,8263.2724844699187],"color_readout":[20.030109208836791,52.894050374092622,4.7627124957154274,24.412511577024997],"baseline":[-1.0187790975403128E-6,-0.099997911124542552,0.0999997078390741,0.099998675719637456],"covariance":[[8.2659674635737961,0.010202222596967092,1.3178795526099273E-7],[0.010202222596967092,11.904676133593906,7.6374363417625279E-8],[1.3178795526099273E-7,7.6374363417625279E-8,3.0001195404851515]],"truncation":4.3651049934313156E-10,"aligned_xyzRGB":[51.416753035509913,0.30363532489926387,-0.73476085564202787,10.29658113128855,29.017604438327627,-4.2750264512661529],"outlier":[],"annotation":"","is_annotation_on":null,"annotation_confidence":-1,"deterministic_id":"DA1","probabilistic_ids":["DA1","DB1","DB2","SABD","VA1","RIS","DD1"],"probabilistic_probs":[0.91486819714479684,0.058880690822883636,0.017394788744675857,0.00883182841267262,2.4479342982980661E-5,1.415616835493994E-8,9.62071804155012E-10],"rank":134,"is_selected":false},{"position":[267.28571433520227,308.71428565657845,16.18000711607479],"color":[17710.436595034247,6952.5503797470956,13500.888670219696,12198.02823054908],"color_readout":[47.854001868085049,15.246731822448558,39.49682945123039,31.350599622129902],"baseline":[-0.099996351805141978,0.0999976170443372,0.0999986181463945,-3.4769649801507822E-7],"covariance":[[11.904761212957805,1.7333599115447346E-7,7.7975520974294369E-8],[1.7333599115447346E-7,11.904761990746916,1.9091519481260318E-7],[7.7975520974294369E-8,1.9091519481260318E-7,2.4981251833195377]],"truncation":2.735147416652071E-10,"aligned_xyzRGB":[21.196748556811304,1.0258690403342534,3.5217872867857203,31.455540150858329,-3.1158702362420381,20.518950984371219],"outlier":[],"annotation":"","is_annotation_on":null,"annotation_confidence":-1,"deterministic_id":"RIGL","probabilistic_ids":["RIGL","RIGR","AIMR","VB2","AIML","VB1","ADER"],"probabilistic_probs":[0.77210621177511285,0.10091073418603666,0.080270450032224869,0.02786259267306386,0.017824543515356013,0.00093855477572357519,8.6508885114149067E-5],"rank":105,"is_selected":false},{"position":[222.39823706054074,192.64399876062862,15.9067489675516],"color":[9410.2757999453715,16791.540067264297,8683.6818210797774,11412.33382075549],"color_readout":[21.051714981075339,48.565334809872688,15.294678827700283,26.3639841438705],"baseline":[1.0280233613772564E-5,-0.09998417897888337,0.099991686177263381,0.099971826580849452],"covariance":[[11.904739401676576,1.4576150401999739E-5,1.7598400093449604E-6],[1.4576150401999739E-5,11.904668681768927,1.1959446945997233E-5],[1.7598400093449604E-6,1.1959446945997233E-5,3.0001170141319053]],"truncation":7.9453094066566966E-9,"aligned_xyzRGB":[-10.195295622894109,-2.7148228517874631,-4.5297892406622,10.064800487071711,24.730074000253786,3.4804577932032177],"outlier":[],"annotation":"","is_annotation_on":null,"annotation_confidence":-1,"deterministic_id":"URXR","probabilistic_ids":["URXR","URXL","SMDVR","CEPDR","RIMR","SMDDR","AIYR"],"probabilistic_probs":[0.99954386992561362,0.00045612900795846662,4.1338122844611813E-10,4.0142203512945326E-10,1.7268159926482641E-10,6.2822066409081021E-11,1.5852255980740889E-11],"rank":188,"is_selected":false},{"position":[257.6341297093536,222.49940119794491,15.819993137558699],"color":[10782.130340124524,16406.552930772155,7131.1137288016289,11390.831612557327],"color_readout":[33.115491785349043,54.85317818617122,17.797238717835452,32.523957295443985],"baseline":[-4.3263416336485112E-7,-0.099994815796576944,0.099997501598021357,0.099996608921659055],"covariance":[[11.904760618191039,1.0939514527610605E-6,8.4392073089602364E-7],[1.0939514527610605E-6,11.790282368272255,0.32772053359975928],[8.4392073089602364E-7,0.32772053359975928,2.4408325329775811]],"truncation":7.2276857061938676E-10,"aligned_xyzRGB":[-1.3146915600376823,0.20434373491402441,1.8459010732692149,18.802953822349288,26.495836518222049,3.1380182537296117],"outlier":[],"annotation":"","is_annotation_on":null,"annotation_confidence":-1,"deterministic_id":"AVER","probabilistic_ids":["AVER","AVEL","SMDDR","RIMR","AVDR","DB2","AVL"],"probabilistic_probs":[0.81100970255506932,0.18856155412704448,0.0002219496175050995,0.00013484544149210842,5.2416262225416905E-5,1.3490054967405273E-5,4.3818471749688265E-6],"rank":113,"is_selected":false},{"position":[248.59148771273573,169.27896032840869,11.819992810012582],"color":[5647.2830028086273,3240.7827886893888,12523.240721955997,6348.4609109443727],"color_readout":[16.189628250236328,7.3925934601437371,50.033510181752391,18.28099095732945],"baseline":[7.3958939162423145E-8,0.09999990848716675,-0.09999989411384784,0.099999820405589482],"covariance":[[11.904760481204217,9.9709707437968609E-8,8.0057696182935884E-7],[9.9709707437968609E-8,11.904761756432469,3.8321643225866642E-8],[8.0057696182935884E-7,3.8321643225866642E-8,2.0394277853928844]],"truncation":6.9864395351149158E-11,"aligned_xyzRGB":[-19.218084369775102,4.6619792512089813,-0.83166812681937341,5.2900124832062989,-4.7987480130494813,32.698858500024215],"outlier":[],"annotation":"","is_annotation_on":null,"annotation_confidence":-1,"deterministic_id":"URAVL","probabilistic_ids":["URAVL","RMFR","RMFL","RMEV","SIADL","RMEL","SAADR"],"probabilistic_probs":[0.87994851168845456,0.077731913184726179,0.03600897810600933,0.00485017185856337,0.0008182161592270689,0.00038654235027123262,0.00025072186267686514],"rank":126,"is_selected":false},{"position":[231.49137939673284,159.32401089856953,12.819993375903984],"color":[5486.1334324184463,12461.517632442075,6902.0297177815073,7850.0969801394476],"color_readout":[12.380678333988913,46.01863653144661,14.829524838701847,20.860893358696355],"baseline":[1.6861112347007115E-6,-0.099999345868294634,0.099999450577975019,0.099997773821752622],"covariance":[[11.904760568534618,1.7326000401184366E-7,8.7750618326046109E-8],[1.7326000401184366E-7,11.904761569897712,1.4374475062938518E-6],[8.7750618326046109E-8,1.4374475062938518E-6,2.316893998617584]],"truncation":3.0969513628268268E-10,"aligned_xyzRGB":[-21.400082172442314,1.9608489652354242,-3.6632557777315196,3.4064260948484044,24.491987607700967,4.4800958680208494],"outlier":[],"annotation":"","is_annotation_on":null,"annotation_confidence":-1,"deterministic_id":"OLQDL","probabilistic_ids":["OLQDL","OLLL","OLQVL","AIYR","RIMR","SIBVL","SMDDR"],"probabilistic_probs":[0.99377741253873353,0.0052404832972147378,0.00045270849480791851,0.00028125525008375948,9.1406495042631818E-5,6.326038686673514E-5,4.7446240212207906E-5],"rank":169,"is_selected":false},{"position":[251.9994354899342,162.04618786455654,13.819992806205674],"color":[5450.6950771543106,11584.412577847967,3112.1128878548138,7339.1169791942057],"color_readout":[15.359010505964779,50.208853342884638,4.8389286053992926,23.269462035493937],"baseline":[4.83323655116752E-7,-0.099999927046639223,0.099999907697957732,0.099999473274163017],"covariance":[[11.67930774311372,0.00091899158420676345,0.35299803287023079],[0.00091899158420676345,11.904747447590047,2.7822423144654467E-5],[0.35299803287023079,2.7822423144654467E-5,2.09790785058778]],"truncation":4.4851164126151072E-11,"aligned_xyzRGB":[-18.848654405939222,2.1131014856114874,0.38071400439860614,6.7913086301449512,28.033674465886858,-3.3774933984630935],"outlier":[],"annotation":"","is_annotation_on":null,"annotation_confidence":-1,"deterministic_id":"OLQVL","probabilistic_ids":["OLQVL","IL2VL","IL2VR","AIYR","OLQVR","SMDDR","AVL"],"probabilistic_probs":[0.99997303780794677,2.6010121447305381E-5,7.70923183396342E-7,1.4987300447171222E-7,1.2260913437386326E-8,1.095274103117642E-8,1.8700598397798729E-9],"rank":189,"is_selected":false},{"position":[270.94365007184734,238.28571436999798,13.180007133073158],"color":[9727.16783877442,14986.421643475333,12998.2044433338,11109.611520912375],"color_readout":[21.271531390622258,44.36000904358572,34.04305607684163,26.894067183422507],"baseline":[0.099999259316366024,-0.099998562936952057,-3.1757340769807493E-7,0.099999259259615711],"covariance":[[11.904760747150782,2.0255946490274304E-7,1.1010022399471624E-7],[2.0255946490274304E-7,11.90476169672109,2.5471114267781821E-7],[1.1010022399471624E-7,2.5471114267781821E-7,2.4467907870120551]],"truncation":2.395373513888723E-10,"aligned_xyzRGB":[0.4986149813504836,4.9216235957292254,3.500692414849055,8.0277183708145934,19.490760551594036,17.146085478054644],"outlier":[],"annotation":"","is_annotation_on":null,"annotation_confidence":-1,"deterministic_id":"SMBDL","probabilistic_ids":["SMBDL","FLPL","SMBDR","SMBVL","RIML","RIH","SMDDL"],"probabilistic_probs":[0.96097608554533587,0.022476933589147655,0.013368426049861687,0.002857241923511146,0.00011747873949764846,7.731871190932299E-5,7.6351455005899279E-5],"rank":148,"is_selected":false},{"position":[263.71428527298877,316.29947701803184,16.179553499832792],"color":[12953.576658996913,14287.006298809776,19133.36975293493,12358.742568412554],"color_readout":[21.154416090453815,39.360623761349153,45.864410408736006,24.489828239736781],"baseline":[0.099997185438572445,-6.3930993349762031E-6,-0.099988603327782463,0.099996427764382709],"covariance":[[11.904759850440209,3.0974404256683558E-7,7.1301315470045121E-7],[3.0974404256683558E-7,11.904761025897013,1.4147478240008098E-6],[7.1301315470045121E-7,1.4147478240008098E-6,3.0001156651310308]],"truncation":8.7989240633992765E-10,"aligned_xyzRGB":[22.963794321052969,0.81739169566363457,2.8484667642216315,6.7652953524498667,14.776335793862835,26.02241166046888],"outlier":[],"annotation":"","is_annotation_on":null,"annotation_confidence":-1,"deterministic_id":"AVG","probabilistic_ids":["AVG","FLPR","DB1","SMBVR","RIML","FLPL","DD1"],"probabilistic_probs":[0.8509576433055952,0.11531367636976701,0.024252019351948744,0.0066931788440200094,0.001310964116072378,0.00072309654625888882,0.000722579258648529],"rank":121,"is_selected":false},{"position":[247.28571445705046,441.71428568581928,14.180007192085162],"color":[2545.7145827960371,6502.7073972888811,11358.998629703274,4322.487825295716],"color_readout":[7.0672472540392217,20.694349431870197,45.15332196271644,13.938268646133803],"baseline":[-0.050141074866507276,0.099999790890860626,0.0999957786065388,-0.049854618371933508],"covariance":[[7.8333838206345376,1.2595935946196232E-7,3.6246382447610956E-8],[1.2595935946196232E-7,11.904761866334264,5.32937447859001E-8],[3.6246382447610956E-8,5.32937447859001E-8,1.6576890722460635]],"truncation":7.3878417183876788E-11,"aligned_xyzRGB":[51.874259310314066,3.2405614361253767,-1.0267630609933192,-2.6500337990780674,5.4209258295729574,29.088177581303139],"outlier":[],"annotation":"","is_annotation_on":null,"annotation_confidence":-1,"deterministic_id":"VB3","probabilistic_ids":["VB3","VD1","DD1","AVG","AVKL","AVKR","ADAL"],"probabilistic_probs":[0.58229310274202528,0.27845201592084523,0.13890663469723619,0.00033988098591111249,8.3374397974593251E-6,2.8108740282240785E-8,8.0168281662431052E-11],"rank":61,"is_selected":false},{"position":[258.78622589903904,252.70976030516843,13.180007198123093],"color":[7187.9447421037685,10118.18105023779,3347.3573598639905,6946.4230917649738],"color_readout":[31.129036117107425,51.843138625711134,15.630186856927194,28.870899615637473],"baseline":[-0.099999784701437611,-1.5653943701487844E-7,0.099999953189058521,0.099999965117084255],"covariance":[[11.036202054540869,0.10648946043727613,4.1127948550951986E-9],[0.10648946043727613,11.835383834799112,0.32668829121871651],[4.1127948550951986E-9,0.32668829121871651,1.2670232493930016]],"truncation":1.536021304694259E-11,"aligned_xyzRGB":[3.6406172033106157,4.1296053205729244,1.2353665965191605,17.800886445904503,25.231569199334405,2.1425036883775785],"outlier":[],"annotation":"","is_annotation_on":null,"annotation_confidence":-1,"deterministic_id":"AVDL","probabilistic_ids":["AVDL","RIML","AVL","SMDDL","DB2","RIS","DB1"],"probabilistic_probs":[0.99941554231257856,0.00030473985524434013,0.00014185672416103861,0.00011928360260341257,1.6032600921815168E-5,1.5858598379014548E-6,4.8284554932633026E-7],"rank":187,"is_selected":false},{"position":[239.62059386422203,148.4600023350138,11.888761261944355],"color":[5561.38239504766,10918.45170776532,7602.54306605063,8150.8894313947112],"color_readout":[17.044569941465941,50.150096296249892,23.672165028209278,27.375286092140669],"baseline":[8.4569034036245219E-7,-0.099999329850052249,0.0999989225878174,0.09999927390269972],"covariance":[[11.904761337377963,1.3131165969402339E-7,1.3465581944146681E-7],[1.3131165969402339E-7,11.904761642545626,6.6685180789267723E-7],[1.3465581944146681E-7,6.6685180789267723E-7,1.4204346243810995]],"truncation":1.854423776401207E-10,"aligned_xyzRGB":[-24.765269384892832,3.7615791940709791,-2.4111164307617305,5.5186864030813352,25.126070352390204,9.7629015588519739],"outlier":[],"annotation":"","is_annotation_on":null,"annotation_confidence":-1,"deterministic_id":"OLLL","probabilistic_ids":["OLLL","OLQDL","RIML","RIMR","SMDDL","SMDDR","M3L"],"probabilistic_probs":[0.99999949921542675,4.1647871227803192E-7,6.4077981435966743E-8,1.237942210873663E-8,4.2990075312478181E-9,2.5530579924188658E-9,9.2070687298336888E-10],"rank":190,"is_selected":false},{"position":[254.71428405743552,240.28571562513875,11.90668632883582],"color":[8424.865071667311,13127.09537936366,5534.2129404150764,10093.382193487058],"color_readout":[23.226456016510834,43.41150243362479,15.086459558976319,26.652839195761736],"baseline":[0.099964701588277236,-9.12747076687159E-6,-0.099951471611095438,0.09998750484519589],"covariance":[[11.549341727561169,2.2767479763041006E-6,0.77860176003171011],[2.2767479763041006E-6,11.904756895506656,1.3539155102827629E-6],[0.77860176003171011,1.3539155102827629E-6,1.9976431044893128]],"truncation":5.4569047597647173E-9,"aligned_xyzRGB":[-0.9677436245403046,5.4926931456754691,0.15349705975851871,12.341644183532582,21.261820166608366,3.5617405225814878],"outlier":[],"annotation":"","is_annotation_on":null,"annotation_confidence":-1,"deterministic_id":"FLPL","probabilistic_ids":["FLPL","RIML","SMDDL","AVL","AIYR","AIYL","AVDL"],"probabilistic_probs":[0.43315529216059795,0.2597177297168719,0.22517203005091141,0.039643017688944494,0.0347581069391678,0.0023131166906174365,0.0021889059424772209],"rank":21,"is_selected":false},{"position":[245.12426410672973,176.43495715018855,21.022939333736652],"color":[11373.95036523093,2125.61617488882,3354.1658834200157,7824.342397057264],"color_readout":[46.258531125021143,8.8539651485879709,13.755427705322013,32.318604239281477],"baseline":[-0.099999892494804288,-5.0446397889826367E-8,0.099999981736339158,0.099999946940852388],"covariance":[[11.904761596498366,2.8401545438863161E-8,5.4929253581334512E-9],[2.8401545438863161E-8,11.904761885793947,2.2903600334867202E-8],[5.4929253581334512E-9,2.2903600334867202E-8,1.5473922211164042]],"truncation":9.49713270641159E-12,"aligned_xyzRGB":[-8.099839374536927,-8.1893735318465453,1.1381847401831648,34.391816839851224,-3.2383660020297693,3.0984221766004416],"outlier":[],"annotation":"","is_annotation_on":null,"annotation_confidence":-1,"deterministic_id":"RMDVR","probabilistic_ids":["RMDVR","AIBR","ADER","CEPDR","SMDVR","HMC","RMDR"],"probabilistic_probs":[0.91346717947958966,0.06417290672428104,0.021486879988850266,0.00045500972881937647,0.00041639474995884822,1.2523271543558486E-6,2.2204220304751105E-7],"rank":133,"is_selected":false},{"position":[249.22634700015024,128.66982147376018,13.891810324180614],"color":[4915.6141429413174,6955.4727675850927,1152.14723524111,6266.1082514486525],"color_readout":[24.045362230765541,44.616021889637118,5.4423716181540209,32.801678747904717],"baseline":[0.099999973069334239,-0.0999999711730811,-3.7986064333674477E-10,0.099999975557728937],"covariance":[[9.111367454367409,1.5743049333807209,6.0272962073049768E-9],[1.5743049333807209,9.3518860897231928,0.42400572783649704],[6.0272962073049768E-9,0.42400572783649704,1.3417309870806957]],"truncation":1.7819148263758163E-11,"aligned_xyzRGB":[-27.30720415392754,1.5756461518415914,-0.031015596569109447,14.231610746799795,23.229226447121551,-3.4910582235611707],"outlier":[],"annotation":"","is_annotation_on":null,"annotation_confidence":-1,"deterministic_id":"M3L","probabilistic_ids":["M3L","M3R","IL2VL","IL2VR","IL2DL","OLQVL","IL2L"],"probabilistic_probs":[0.98431633230366511,0.015683667694703429,1.5332823795709704E-12,6.3145598086094536E-14,2.3854258869117084E-14,1.1233897307415944E-14,1.1698219064127107E-17],"rank":159,"is_selected":false},{"position":[243.71428564458,191.71428560411832,11.819992879726529],"color":[9508.89249616151,11762.620626506297,8238.5788977295615,9434.1529183906987],"color_readout":[15.148202965661588,42.8709376045851,20.750809401357614,21.210983207455325],"baseline":[0.099999317837057955,-0.099999341283501214,2.0484191753592753E-6,0.099997622739740527],"covariance":[[11.904761617183139,2.5231517434730039E-7,8.6694673017610452E-7],[2.5231517434730039E-7,11.904760675289742,5.6394328911372309E-7],[8.6694673017610452E-7,5.6394328911372309E-7,2.2875988883724467]],"truncation":2.3280770869127418E-10,"aligned_xyzRGB":[-13.757984885961985,4.4614397414688778,-1.7788271405082525,5.1083032800757158,21.32027276707008,8.6359987137634153],"outlier":[],"annotation":"","is_annotation_on":null,"annotation_confidence":-1,"deterministic_id":"RIML","probabilistic_ids":["RIML","SMDVL","RIMR","SMDDL","FLPL","SIBVL","OLQDL"],"probabilistic_probs":[0.31848076909358281,0.30358439487215905,0.17847101532189363,0.10057511514819999,0.088907746651442091,0.0040738137647871554,0.001607227897317735],"rank":5,"is_selected":false},{"position":[265.189932763559,331.2857143283685,16.180007143255935],"color":[4165.5571783789055,9716.3592256282263,11096.331902915823,7601.9775596326281],"color_readout":[9.4095532574080263,21.686504133616943,39.409613078293184,16.887435428612203],"baseline":[-1.3243984758194955E-7,0.099999297650192026,-0.099998737238966157,0.099998964144579539],"covariance":[[10.952406748807546,8.3723573274206827E-6,0.64967246813917834],[8.3723573274206827E-6,11.904759988709127,9.1387888916792091E-7],[0.64967246813917834,9.1387888916792091E-7,2.749574082875434]],"truncation":4.45310066085339E-10,"aligned_xyzRGB":[26.804753570094324,1.0307179050637905,3.0849774537093415,-0.060240955094300733,6.49093647726468,24.629651488856791],"outlier":[],"annotation":"","is_annotation_on":null,"annotation_confidence":-1,"deterministic_id":"VD1","probabilistic_ids":["VD1","VB2","AVKR","AVKL","AIML","AIMR","RMFL"],"probabilistic_probs":[0.70564653580910142,0.25000702226063348,0.026114530916596941,0.017810688710787916,0.00013321834076174648,0.00013087567144415651,8.1278880198593E-5],"rank":92,"is_selected":false},{"position":[260.71428569672656,289.28571431463325,17.819992807340572],"color":[1502.1737395173077,2577.6658533646814,13850.546174553798,3156.2372907585714],"color_readout":[3.7393709554067787,7.1416169323753138,37.35492104918692,7.81478895936028],"baseline":[-0.0999997307996019,3.4879886146097439E-7,0.09999986905751844,0.099999416496070581],"covariance":[[11.904761832237321,4.6602891314138446E-8,1.6565062464225323E-8],[4.6602891314138446E-8,11.888701346391272,0.086239875902473243],[1.6565062464225323E-8,0.086239875902473243,2.7225078907084312]],"truncation":6.4740184377006154E-11,"aligned_xyzRGB":[17.712468412958287,-1.8475876375609817,2.8274818833065858,-2.9211469357234092,-1.3657648135001346,25.292981971171358],"outlier":[],"annotation":"","is_annotation_on":null,"annotation_confidence":-1,"deterministic_id":"SIAVR","probabilistic_ids":["SIAVR","AVKR","SIAVL","SIADR","SIADL","M1","AVKL"],"probabilistic_probs":[0.64040504291632994,0.23138289120499986,0.1152733224746585,0.00398413505706278,0.0039651574925635346,0.0032322311873949675,0.0017455896217089114],"rank":79,"is_selected":false},{"position":[253.28571456322666,198.28571453942405,11.180007136580402],"color":[16877.087959225752,8944.7776549260325,17402.424209967543,11610.229530805696],"color_readout":[35.060506655069524,21.941677593287849,51.260825267589482,25.224645802149606],"baseline":[0.0999973958294344,-1.7177013654524029E-6,-0.099992600073582169,0.099995118753074458],"covariance":[[11.90476012065948,1.8550804169709618E-6,5.8475385754842515E-7],[1.8550804169709618E-6,11.629469415438658,0.49400427131602365],[5.8475385754842515E-7,0.49400427131602365,2.4766024602169971]],"truncation":1.2145195189757273E-9,"aligned_xyzRGB":[-12.367024981604768,6.0906657030360778,-0.21908236935067651,18.877646640870722,1.2453730300473516,29.801521354485978],"outlier":[],"annotation":"","is_annotation_on":null,"annotation_confidence":-1,"deterministic_id":"CEPVL","probabilistic_ids":["CEPVL","RMDL","CEPDL","CEPVR","RMDVL","AIML","SAAVL"],"probabilistic_probs":[0.9976350519641014,0.0021864258051252253,0.00017762713101431845,8.8786386526040588E-7,6.7232583818210315E-9,4.9327763020874054E-10,1.4690609585411238E-11],"rank":178,"is_selected":false},{"position":[235.65771902640108,145.2214898465823,18.91989664052279],"color":[5361.780918860798,9123.5698282442954,4876.9624381687518,7275.1857043788],"color_readout":[16.340977253530927,45.944770529962923,20.102579602499997,26.086262691409758],"baseline":[0.099998947233209137,-0.099999124273644782,2.6383704695739694E-7,0.099999574799594412],"covariance":[[11.58034635149404,2.5432342841273709E-7,0.88319815824537073],[2.5432342841273709E-7,11.904760869862709,7.9319021098716835E-7],[0.88319815824537073,7.9319021098716835E-7,1.5843352596718576]],"truncation":2.3532195602655641E-10,"aligned_xyzRGB":[-18.520482746951661,-6.2148224273899642,-1.1272897773858159,5.8598149292630275,23.132337678928323,7.7294868217019337],"outlier":[],"annotation":"","is_annotation_on":null,"annotation_confidence":-1,"deterministic_id":"OLLR","probabilistic_ids":["OLLR","OLQDR","AIYR","OLQVR","SMDDR","SMDVR","URYDR"],"probabilistic_probs":[0.998660305898439,0.0013358141635822947,2.7547148011963629E-6,8.5093641252392326E-7,2.357538327292305E-7,2.141115913107328E-8,5.083620759219005E-9],"rank":185,"is_selected":false},{"position":[240.71428570590615,126.91978817282795,18.180007199455908],"color":[5720.5055444220616,7091.2036403277361,1027.5885800197834,6946.8205295031084],"color_readout":[25.848937853359519,43.948709717142485,5.2702960715481808,32.442929432922028],"baseline":[-4.8535143004117323E-9,-0.099999971302590918,0.099999970320720111,0.099999978978705592],"covariance":[[8.1310499306183512,1.2424465890226626,8.4819870226104446E-9],[1.2424465890226626,10.411492019700235,0.65979365110428412],[8.4819870226104446E-9,0.65979365110428412,2.0013266440649358]],"truncation":2.1667050231801283E-11,"aligned_xyzRGB":[-23.690695724006943,-4.9552302060052105,-0.36760325533096611,15.770165944217013,22.577808481741588,-3.7732922620904326],"outlier":[],"annotation":"","is_annotation_on":null,"annotation_confidence":-1,"deterministic_id":"M3R","probabilistic_ids":["M3R","IL2VR","OLQVR","IL2R","IL2DR","OLQDR","IL2VL"],"probabilistic_probs":[0.9840758913877401,0.015884636429943137,1.6298104746451393E-5,1.4571498232022352E-5,8.6024724359694142E-6,9.1149394586922219E-11,7.1910227876652731E-12],"rank":158,"is_selected":false},{"position":[215.89643684074539,230.32620552535434,17.819992812628513],"color":[1586.363080849371,1089.3945358807096,6859.1076453955111,3574.8306753870329],"color_readout":[8.6933481525317955,6.7261206740295947,38.484805231922984,19.498883028365519],"baseline":[-0.0999997663980556,0.075625171890284934,0.024374562404451044,0.099999899816287832],"covariance":[[8.3627091696098574,7.28392153154845E-7,4.543800615809839E-8],[7.28392153154845E-7,8.13897930703673,4.5099561430549536E-8],[4.543800615809839E-8,4.5099561430549536E-8,1.4119818127923471]],"truncation":9.8999868791849966E-11,"aligned_xyzRGB":[1.0100419723403768,-5.5566627518943958,-5.2650744483009966,0.94342747280855088,-2.5040226708911439,25.51572074587834],"outlier":[],"annotation":"","is_annotation_on":null,"annotation_confidence":-1,"deterministic_id":"ASER","probabilistic_ids":["ASER","AVHR","RIVR","AVJR","M1","AVHL","AWBR"],"probabilistic_probs":[0.43436136270580306,0.3573637714026856,0.20320153248625383,0.0050721717182674441,1.0994640643421311E-6,3.2699541190285632E-8,1.8162883433159174E-8],"rank":22,"is_selected":false},{"position":[228.6218960517846,155.41192240004568,16.81999329518796],"color":[4463.7816945470877,9553.5241126562341,6091.8493361178416,6504.7781822356283],"color_readout":[11.468079879599452,34.811149579058664,11.76752298882532,18.496859079620759],"baseline":[-1.7306745537016746E-6,-0.099993753961046192,0.099997330624771522,0.099996407711484173],"covariance":[[8.1266128990782356,2.2399251649699583E-6,1.8263636087598334E-6],[2.2399251649699583E-6,11.904755629690634,1.0614196942013282E-5],[1.8263636087598334E-6,1.0614196942013282E-5,3.0001068472427659]],"truncation":1.1949054235431157E-9,"aligned_xyzRGB":[-18.394624821454286,-3.77447902727466,-3.0410330998498343,4.1872826494954625,18.13866245555857,3.512036870161376],"outlier":[],"annotation":"","is_annotation_on":null,"annotation_confidence":-1,"deterministic_id":"OLQDR","probabilistic_ids":["OLQDR","AIYR","SIBVR","OLLR","SMDVR","IL2VR","OLQVR"],"probabilistic_probs":[0.928672874345356,0.063068617454554013,0.0033374065080978496,0.0028205324832054016,0.00056608323543235644,0.00052922114913940012,0.00039497246855362044],"rank":139,"is_selected":false},{"position":[251.71428265890904,221.30568360122726,12.18000648079469],"color":[9600.1705078499926,7730.2276890553312,12606.561994858943,9882.7345946668374],"color_readout":[25.712003040854881,13.086151279050823,31.752644120878056,22.857518856565537],"baseline":[-0.0999933125257744,0.099997746889166128,-1.8022968254238389E-6,0.0999957773588257],"covariance":[[11.792408117035631,2.0555741830921351E-6,0.21083171503490039],[2.0555741830921351E-6,11.904759880902118,2.2384503410395531E-6],[0.21083171503490039,2.2384503410395531E-6,2.7642361725723976]],"truncation":1.074575659683357E-9,"aligned_xyzRGB":[-5.5971065328941076,4.7629899992772549,-0.275647793269603,14.948788317033721,-0.13125813943914807,18.004323560187462],"outlier":[],"annotation":"","is_annotation_on":null,"annotation_confidence":-1,"deterministic_id":"AVJL","probabilistic_ids":["AVJL","RMDL","AVAL","CEPVL","RIAL","ADEL","AIML"],"probabilistic_probs":[0.48146990385014055,0.452172804699802,0.06394547828248863,0.0020096401396526922,0.00020876053879373646,6.4618406366117863E-5,6.3936422698858533E-5],"rank":32,"is_selected":false},{"position":[250.71428440870085,209.10198804711837,18.819993440053945],"color":[9670.8792606744937,12280.757050969007,8351.8376193793665,10477.886391921917],"color_readout":[25.373269557290779,37.654990636180464,14.26222554806524,26.680673194337974],"baseline":[-8.1805562547120635E-7,-0.0999908599647356,0.099995678604602622,0.09999476669859203],"covariance":[[11.904760327510278,5.7856118240778883E-7,3.3989070152525133E-7],[5.7856118240778883E-7,11.90476050032866,1.3282367345060201E-5],[3.3989070152525133E-7,1.3282367345060201E-5,2.9822537742800281]],"truncation":7.24931599044002E-10,"aligned_xyzRGB":[-1.894630261051788,-4.5212280115979784,1.4613412990359991,14.740586203566231,17.511732777234197,3.2685006867489266],"outlier":[],"annotation":"","is_annotation_on":null,"annotation_confidence":-1,"deterministic_id":"AVDR","probabilistic_ids":["AVDR","RMDDR","RMDR","RIMR","SMDDR","AVER","AVL"],"probabilistic_probs":[0.82079939644629829,0.16502662379685556,0.00530312513252698,0.0039995307398712774,0.0029094152298664378,0.0017153837638649912,0.00023775342522467239],"rank":116,"is_selected":false},{"position":[254.88041542325908,277.53564834344093,18.180007178736698],"color":[6360.49590295183,10207.781557118566,4622.989518568912,7955.9923049018207],"color_readout":[18.294100105570763,36.2935059270153,8.084791998224528,22.538974206192975],"baseline":[-1.9370418160179655E-7,-0.099999678158008073,0.099999933637897942,0.099999855042637587],"covariance":[[11.904761722079034,2.6193833754605163E-7,1.5875740613871597E-8],[2.6193833754605163E-7,11.793181920880427,0.2859687632647685],[1.5875740613871597E-8,0.2859687632647685,2.5631290114076379]],"truncation":6.27715279102779E-11,"aligned_xyzRGB":[14.880195687873758,-2.8538195293906865,1.8860877385975734,10.045653001753635,18.56811354628228,-0.093206415674818771],"outlier":[],"annotation":"","is_annotation_on":null,"annotation_confidence":-1,"deterministic_id":"AQR","probabilistic_ids":["AQR","AIYR","DB2","FLPR","AVL","AIYL","RIS"],"probabilistic_probs":[0.98961151690772609,0.0035009724689634026,0.0026297420050570997,0.0019280593316520842,0.0012036345371429823,0.00095131836167890421,8.5799009640960268E-5],"rank":166,"is_selected":false},{"position":[248.67072110984847,159.6371191913216,18.819992918733732],"color":[4961.8595128999668,8766.052586885,3605.765621826617,6373.1914746273142],"color_readout":[12.3482464047115,41.764626355090847,4.4767056511285519,19.961545938032849],"baseline":[3.800079099290539E-6,-0.099999687196471412,0.099999292866502471,0.099996329988907715],"covariance":[[11.904761796582854,1.2422792811107202E-6,9.04988187162089E-8],[1.2422792811107202E-6,11.777772674976614,0.49821161045880691],[9.04988187162089E-8,0.49821161045880691,1.8357366910848065]],"truncation":1.7972431183717798E-10,"aligned_xyzRGB":[-14.455455711828,-5.0196212573656576,1.2001673528979553,5.2402216398788726,23.315477202843493,-2.4388772868759818],"outlier":[],"annotation":"","is_annotation_on":null,"annotation_confidence":-1,"deterministic_id":"OLQVR","probabilistic_ids":["OLQVR","IL2VR","AIYR","SMDDR","AVL","URXR","SMDVR"],"probabilistic_probs":[0.90723822394183762,0.092621127641883766,0.00014001420541753497,2.0302136658581916E-7,1.790861629609476E-7,9.39447282564144E-8,4.8855091987173591E-8],"rank":132,"is_selected":false},{"position":[257.285714342402,200.28571432392559,17.087580988345128],"color":[20065.242439418187,11910.338255203927,10272.718803208834,14746.780971826811],"color_readout":[46.582850417795285,15.726860832092498,14.787880984957054,32.168300646969762],"baseline":[0.099998072838606622,0.099993265067592027,-0.07709699038550244,-0.022894666012927646],"covariance":[[11.904761473574981,1.4587980762815643E-7,1.4597576897350988E-7],[1.4587980762815643E-7,11.904761535573757,9.0565759842927158E-8],[1.4597576897350988E-7,9.0565759842927158E-8,3.0001197648810272]],"truncation":1.682731947250403E-10,"aligned_xyzRGB":[-5.6299917763319041,-1.7195786284217203,2.1944108906593134,33.841985734100611,0.8099821953823364,3.1224764547529222],"outlier":[],"annotation":"","is_annotation_on":null,"annotation_confidence":-1,"deterministic_id":"AIBR","probabilistic_ids":["AIBR","RMDDR","ADER","HMC","IL1VR","AIAR","AIAL"],"probabilistic_probs":[0.69647806622585717,0.2543753407800311,0.028161890117012145,0.010896901116165635,0.0065829860209437449,0.0014560512157742304,0.0010950862917916131],"rank":91,"is_selected":false},{"position":[277.28571430303612,263.62170325015023,13.180007199631717],"color":[9558.4920336508421,6207.0393393406493,6260.3241394474153,8568.6696826450043],"color_readout":[32.8209017610792,17.159693383599855,24.316466161619275,28.493594301603956],"baseline":[-0.099999929896617837,0.033650969321608271,0.099999938951662093,0.066348995158557827],"covariance":[[8.9703650468534359,0.38749991827121683,3.139450812951093E-9],[0.38749991827121683,11.593474636462897,0.41008534950052566],[3.139450812951093E-9,0.41008534950052566,2.3992885129178512]],"truncation":1.6250848654486436E-11,"aligned_xyzRGB":[7.1485158113234357,5.5661018724072475,4.6066807263953109,21.308199441539205,2.3783781624055971,11.452634770159408],"outlier":[],"annotation":"","is_annotation_on":null,"annotation_confidence":-1,"deterministic_id":"AIML","probabilistic_ids":["AIML","ADEL","AVJL","AIMR","VB2","AIZL","CEPVL"],"probabilistic_probs":[0.52722470341224359,0.43125000990201912,0.023955508719221683,0.016801127514985026,0.0005729791782904829,0.0001001968242559345,4.9101175764740866E-5],"rank":40,"is_selected":false},{"position":[250.71428563660061,211.02226932119672,12.030059750191695],"color":[7316.7498345936465,10919.538633769924,9099.3815675426249,8393.76419187932],"color_readout":[19.842724728567287,34.639075371056904,25.891075273026143,22.992977649636586],"baseline":[0.099999365413421082,5.8274320844547906E-7,-0.099996759026347443,0.0999967402845424],"covariance":[[11.904397835363705,4.483284226810636E-8,0.020537184053539811],[4.483284226810636E-8,11.904761928806911,1.2990218126101407E-7],[0.020537184053539811,1.2990218126101407E-7,2.305051312928283]],"truncation":3.6693087672855073E-11,"aligned_xyzRGB":[-8.3859523310839812,4.8231643520416085,-0.47827729016561188,8.961209793229008,14.839344354554523,12.491458976109808],"outlier":[],"annotation":"","is_annotation_on":null,"annotation_confidence":-1,"deterministic_id":"AVAL","probabilistic_ids":["AVAL","AWBL","SAAVL","SMBDR","SMDVL","SMBDL","FLPL"],"probabilistic_probs":[0.48283955023257019,0.42546823852368837,0.03942586692272719,0.016637777987974979,0.01540542293097478,0.0090623826584727615,0.0028125045481439438],"rank":33,"is_selected":false},{"position":[226.184559224429,221.46893231855671,10.180007199867447],"color":[2250.6637847757743,6886.5978777751852,1791.3824165376932,4392.8485242015831],"color_readout":[10.535661912873794,36.388356588011405,8.6033758373106224,19.106114381789641],"baseline":[-9.7295899999825549E-9,-0.099999989547228829,0.099999997286944878,0.099999996777406036],"covariance":[[11.714453542882321,0.50429297461176759,7.2259965833336238E-10],[0.50429297461176759,8.6930864165442685,1.3052122456781881E-9],[7.2259965833336238E-10,1.3052122456781881E-9,1.358994827055803]],"truncation":4.4197468648724815E-12,"aligned_xyzRGB":[-8.6531034741058939,5.636185239243054,-5.5332451835515926,3.7272882722437632,19.688949217983918,1.2332344143244354],"outlier":[],"annotation":"","is_annotation_on":null,"annotation_confidence":-1,"deterministic_id":"URXL","probabilistic_ids":["URXL","SMDVL","ASGL","URXR","IL2VL","AWAL","AINL"],"probabilistic_probs":[0.99999983866318054,1.0275921867096882E-7,5.0269890867995184E-8,7.8115648038108187E-9,3.5326711253428743E-10,1.1066003354320454E-10,2.6688480720319148E-11],"rank":191,"is_selected":false},{"position":[259.28571432993624,203.28571438122344,12.180007160701894],"color":[12860.949203192939,10787.323764229799,8773.9171374609,10456.030839183573],"color_readout":[30.574089771693